8.00         5.00         8.00        5.00         21.00        Trung bình
6.50         7.00         5.00        5.00         20.50        Trung bình
7.50         6.50         4.00        4.00         18.00        Trung bình
5.00         8.50         5.50        5.00         21.00        Trung bình
6.50         6.00         6.00        6.00         18.50        Trung bình
10.00        9.00         9.00        9.00         30.00        Giỏi      
7.00         10.00        6.50        6.50         23.50        Khá       
10.00        8.00         9.00        8.00         27.00        Giỏi      
10.00        8.50         10.00       8.50         28.50        Giỏi      
4.50         4.00         4.00        4.00         14.50        Trượt     
8.00         10.00        7.00        7.00         25.00        Giỏi      
5.00         6.50         5.50        5.00         19.00        Trung bình
9.00         6.00         8.00        6.00         25.00        Khá       
6.00         5.50         8.00        5.50         21.50        Trung bình
8.00         6.50         7.50        6.50         24.00        Khá       
4.00         6.00         5.00        4.00         17.00        Trung bình
5.00         6.50         4.00        4.00         17.50        Trung bình
4.00         6.50         6.00        4.00         18.50        Trung bình
4.00         6.00         6.00        4.00         18.00        Trung bình
5.00         7.00         7.00        5.00         21.00        Trung bình
10.00        8.00         9.00        8.00         29.00        Giỏi      
5.00         8.00         5.00        5.00         20.00        Trung bình
8.00         6.00         7.00        6.00         23.00        Khá       
7.00         5.00         7.00        5.00         21.00        Trung bình
5.00         6.00         6.00        5.00         19.00        Trung bình
10.00        8.50         9.00        8.50         28.50        Giỏi      
8.00         6.00         9.00        6.00         25.00        Khá       
6.00         8.00         4.00        4.00         20.00        Trung bình
6.00         5.00         6.00        5.00         18.00        Trung bình
6.00         6.50         6.00        6.00         19.50        Trung bình
7.00         5.50         5.00        5.00         19.50        Trung bình
6.00         6.00         4.50        4.50         17.50        Trung bình
6.50         6.50         6.00        6.00         21.00        Khá       
5.00         8.00         5.00        5.00         20.00        Trung bình
10.00        8.00         9.00        8.00         28.00        Giỏi      
6.00         6.00         6.50        6.00         20.50        Trung bình
7.00         5.00         5.50        5.00         18.50        Trung bình
6.50         5.50         5.00        5.00         19.00        Trung bình
8.00         6.00         8.00        6.00         24.00        Khá       
4.00         4.00         4.00        4.00         13.00        Trượt     
5.00         7.00         7.00        5.00         21.00        Trung bình
5.50         6.50         8.00        5.50         21.00        Trung bình
9.00         7.00         10.00       7.00         27.00        Giỏi      
6.00         6.00         9.00        6.00         23.00        Khá       
8.00         5.00         7.00        5.00         21.00        Trung bình
5.50         5.00         4.00        4.00         15.50        Trung bình
9.50         8.00         10.00       8.00         28.50        Giỏi      
10.00        8.00         10.00       8.00         30.00        Giỏi      
6.00         7.00         5.50        5.50         20.50        Trung bình
10.00        8.50         9.50        8.50         29.00        Giỏi      
8.00         6.00         9.00        6.00         24.00        Khá       
4.50         5.50         5.00        4.50         17.00        Trung bình
9.00         8.50         10.00       8.50         28.50        Giỏi      
6.50         6.50         4.00        4.00         19.00        Trung bình
7.50         4.50         6.00        4.50         19.00        Trung bình
7.00         5.50         8.00        5.50         21.50        Trung bình
9.00         6.00         6.50        6.00         23.50        Khá       
4.00         5.50         4.00        4.00         14.50        Trượt     
10.00        8.50         9.00        8.50         29.50        Giỏi      
5.50         6.00         5.50        5.50         18.00        Trung bình
5.00         5.00         6.00        5.00         16.00        Trung bình
6.50         4.00         5.50        4.00         17.00        Trung bình
10.00        6.00         7.00        6.00         23.00        Khá       
6.00         5.00         6.00        5.00         18.00        Trung bình
4.00         6.00         4.50        4.00         14.50        Trượt     
7.00         5.00         3.00        3.00         15.00        Trượt     
10.00        9.00         10.00       9.00         29.00        Giỏi      
8.00         4.00         5.00        4.00         19.00        Trung bình
9.00         8.00         8.00        8.00         25.00        Giỏi      
5.50         5.50         7.50        5.50         20.50        Trung bình
5.00         9.00         7.00        5.00         23.00        Trung bình
6.50         5.00         8.00        5.00         19.50        Trung bình
6.00         7.50         8.00        6.00         23.50        Khá       
10.00        6.00         8.00        6.00         26.00        Khá       
8.50         6.50         6.00        6.00         23.00        Khá       
8.00         7.00         8.50        7.00         25.50        Giỏi      
8.00         7.50         9.00        7.50         26.50        Giỏi      
4.50         6.50         4.00        4.00         17.00        Trung bình
10.00        9.00         10.00       9.00         31.00        Giỏi      
3.50         4.00         5.50        3.50         15.00        Trượt     
6.00         6.50         4.50        4.50         17.00        Trung bình
8.00         6.00         4.00        4.00         19.00        Trung bình
5.00         8.50         5.00        5.00         18.50        Trung bình
10.00        7.00         9.00        7.00         26.00        Giỏi      
7.00         7.00         10.00       7.00         26.00        Giỏi      
5.50         6.50         6.50        5.50         20.50        Trung bình
8.00         4.50         8.00        4.50         22.50        Trung bình
5.00         5.50         6.00        5.00         18.50        Trung bình
4.50         6.00         5.00        4.50         17.50        Trung bình
4.50         6.50         4.50        4.50         17.50        Trung bình
6.00         5.00         6.50        5.00         18.50        Trung bình
6.00         5.50         6.50        5.50         18.00        Trung bình
4.00         5.00         4.00        4.00         14.00        Trượt     
6.00         4.50         3.00        3.00         13.50        Trượt     
5.00         5.50         6.00        5.00         17.50        Trung bình
6.00         6.50         5.50        5.50         18.00        Trung bình
8.00         6.00         7.00        6.00         22.00        Khá       
7.00         6.00         6.00        6.00         19.00        Trung bình
8.00         7.00         7.00        7.00         23.00        Khá       
6.50         5.00         3.00        3.00         15.50        Trượt     
7.00         7.00         8.50        7.00         22.50        Khá       
7.00         6.50         6.00        6.00         20.50        Trung bình
6.50         4.00         4.00        4.00         14.50        Trượt     
6.50         7.00         6.50        6.50         21.00        Khá       
4.00         6.50         3.50        3.50         14.00        Trượt     
5.00         6.00         6.00        5.00         18.00        Trung bình
5.40         5.70         4.90        4.90         16.00        Trung bình
5.00         5.00         4.50        4.50         15.50        Trung bình
7.00         7.00         8.00        7.00         24.00        Giỏi      
5.00         6.80         5.20        5.00         18.00        Trung bình
8.00         7.00         8.00        7.00         24.00        Giỏi      
5.50         5.50         7.50        5.50         19.50        Trung bình
6.00         3.00         5.00        3.00         15.00        Trượt     
10.00        10.00        10.00       10.00        32.00        Giỏi      
5.50         7.00         5.50        5.50         19.00        Trung bình
7.50         7.00         10.00       7.00         26.50        Giỏi      
10.00        9.00         9.50        9.00         29.50        Giỏi      
4.00         4.00         4.50        4.00         14.50        Trượt     
4.50         5.50         6.50        4.50         18.50        Trung bình
5.00         6.00         6.00        5.00         18.00        Trung bình
10.00        8.50         9.00        8.50         28.50        Giỏi      
6.50         6.50         6.00        6.00         21.00        Khá       
4.00         7.50         5.50        4.00         18.00        Trung bình
5.50         5.00         5.00        5.00         17.50        Trung bình
9.00         7.00         8.00        7.00         25.00        Giỏi      
4.50         6.50         4.50        4.50         17.50        Trung bình
5.50         4.00         5.50        4.00         17.00        Trung bình
7.00         4.00         8.00        4.00         20.00        Trung bình
8.00         5.00         5.50        5.00         19.50        Trung bình
5.00         5.00         5.00        5.00         16.00        Trung bình
4.00         4.00         5.50        4.00         15.50        Trung bình
4.50         4.50         6.50        4.50         16.50        Trung bình
9.00         8.00         7.50        7.50         26.50        Giỏi      
10.00        8.00         9.00        8.00         28.00        Giỏi      
10.00        8.50         9.00        8.50         29.50        Giỏi      
6.00         4.00         5.00        4.00         16.00        Trung bình
5.00         6.00         5.50        5.00         18.50        Trung bình
6.00         5.50         6.50        5.50         20.00        Trung bình
6.50         9.00         6.50        6.50         24.00        Khá       
6.50         5.50         6.50        5.50         20.50        Trung bình
9.00         7.00         8.00        7.00         24.00        Giỏi      
6.00         7.00         5.00        5.00         18.00        Trung bình
3.50         5.50         6.00        3.50         15.00        Trượt     
9.00         6.00         8.00        6.00         23.00        Khá       
3.00         5.00         4.00        3.00         14.00        Trượt     
5.00         6.50         6.50        5.00         19.00        Trung bình
10.00        8.00         10.00       8.00         30.00        Giỏi      
9.50         8.50         9.00        8.50         28.00        Giỏi      
9.00         8.50         10.00       8.50         29.50        Giỏi      
8.00         9.00         6.00        6.00         24.00        Khá       
5.00         5.00         6.00        5.00         18.00        Trung bình
10.00        7.00         7.00        7.00         25.00        Giỏi      
7.50         6.00         8.00        6.00         23.50        Khá       
4.00         5.50         7.00        4.00         17.50        Trung bình
7.00         5.50         3.50        3.50         18.00        Trượt     
4.00         7.50         5.00        4.00         18.50        Trung bình
